Run Fill AccType nEntries
7649 9395 10 3618870
7650 9395 10 3540895
7651 9397 10 3297409
7652 9398 10 750996
7653 9399 10 3368937
7654 9400 11 9314693
7655 9400 10 11930
7656 9400 10 128850
7657 9401 10 870388
7658 9401 10 845912
7659 9401 10 535109
7660 9402 10 7564
7661 9402 10 16023
7663 9402 10 3471150
7664 9402 10 2910807
7665 9403 10 11232
7666 9403 10 12814
7667 9403 10 1035179
7668 9403 10 8693005
7669 9404 10 6481
7670 9404 10 1785633
7671 9405 10 7717366
7672 9406 10 105691
7673 9406 10 280182
7674 9406 10 61823
7675 9407 10 12606
7676 9407 10 15856
7677 9407 10 1389762
7678 9407 10 593819
7679 9408 10 1375776
7680 9408 10 95865
7681 9409 10 27859
7682 9409 10 10012
7683 9409 10 2457700
7684 9409 10 122461
7685 9410 10 59381
7686 9410 10 2015225
7687 9410 10 274069
7688 9411 10 4061
7689 9411 10 2023995
7690 9411 10 456972
7691 9412 10 6070
7692 9412 10 17275
7693 9412 10 1136892
7694 9412 10 133241
7695 9413 10 239471
7696 9413 10 2003179
7697 9413 10 1460637
7698 9414 10 141656
7699 9414 10 14437
7700 9414 10 1752212
7701 9414 10 1000001
7702 9415 10 756366
7703 9415 10 2923929
7704 9416 10 221751
7705 9417 10 8243
7706 9417 10 9880
7707 9417 10 803403
7708 9418 10 4674443
7709 9419 10 2380973
7710 9419 10 7531588
7711 9419 10 2459705
7712 9420 10 55807
7713 9420 10 921895
7714 9420 10 1340300
7715 9421 10 41204
7716 9421 10 1556749
7717 9421 10 150584
7718 9422 10 4132
7719 9422 10 1179150
7720 9422 10 578940
7721 9423 10 59245
7723 9423 10 3227542
7724 9423 10 12248977
7725 9424 10 2383452
7726 9424 10 181948
7727 9425 10 8578044
7728 9425 10 5327124
7729 9425 10 4855670
7730 9428 10 125271
7731 9428 10 3367
7732 9429 10 233932
7733 9429 10 335349
7734 9429 10 2103864
7735 9430 10 12750
7736 9430 10 12228
7737 9430 10 2376927
7738 9430 10 279812
7739 9431 10 41950
7740 9431 10 1076853
7741 9431 10 334900
7742 9432 10 7129
7743 9432 10 4376
7744 9432 10 2078975
7745 9432 10 5310922
7746 9433 10 79852
7747 9433 10 12668
7748 9433 10 2384121
7749 9433 10 4110726
7750 9434 10 123360
7751 9434 10 1390627
7752 9435 10 247857
7753 9435 10 969593
7754 9435 10 8435456
7755 9436 10 70445
7756 9436 10 1651456
7757 9437 10 1033884
7758 9437 10 8029218
7759 9438 10 43166
7760 9438 10 8652
7761 9438 10 2706263
7762 9438 10 2821461
7763 9439 10 51482
7764 9439 10 1803664
7765 9439 10 954091
7766 9440 10 39947
7767 9440 10 1060494
7768 9440 10 297810
7769 9441 10 41958
7770 9441 10 1897785
7771 9441 10 867083
7772 9442 10 35713019
7773 9443 10 354930
7774 9443 10 11427
7775 9443 10 1030270
7776 9443 10 11972619
7777 9444 10 562566
7778 9444 10 861165
7779 9444 10 3064744
7780 9445 10 30817
7781 9445 10 12228
7785 9445 10 5629069
7786 9445 10 9977
7787 9445 10 76363
7788 9446 10 1099964
7789 9446 10 12727868
7790 9447 10 825910
7791 9448 10 24769
7792 9448 10 3749
7793 9448 10 623274
7794 9448 10 6975981
7795 9448 10 81674
7796 9449 10 261358
7797 9450 10 2213494
7798 9450 10 5484609
7799 9451 10 24819
7800 9451 10 1725370
7801 9451 10 917327
7802 9451 10 488561
7803 9451 10 674832
7804 9452 10 60516
7805 9452 10 4447621
7806 9453 10 1096431
7807 9453 10 8104002
7808 9454 10 5715347
7809 9455 10 2370332
7810 9455 10 3267889
7811 9456 10 50208
7812 9456 10 1200014
7813 9456 10 1017265
7814 9457 10 1409225
7815 9458 10 209074
7816 9459 10 10268382
7817 9460 10 276779
7818 9461 10 3282889
7819 9461 10 11945359
7820 9462 10 737016
7821 9462 10 592363
7822 9463 10 322935
7823 9464 10 2576601
7824 9464 10 1004614
7825 9465 10 2256
7827 9465 10 4944937
7829 9466 10 186870
7830 9466 10 1220106
7831 9466 10 2847878
7832 9467 10 1552126
7833 9467 10 2901509
7834 9468 10 9025
7835 9468 10 1472019
7836 9468 10 2808412
7837 9469 10 10818
7838 9469 10 2664410
7839 9469 10 1216776
7840 9470 10 435523
7841 9471 11 87527
7842 9472 11 786352
7843 9473 11 609688
7844 9473 11 6489300
7845 9474 11 16582
7846 9474 11 12610
7847 9474 11 1705530
7848 9474 11 6015334
7849 9475 11 52318
7850 9475 11 1415457
7851 9475 11 12135879
7852 9476 11 1794939
7853 9476 11 7811551
7854 9477 11 5199355
7855 9479 11 480608
7856 9479 11 20200725
7857 9480 11 361102
7858 9481 11 1002376
7859 9481 11 127711
7860 9481 11 2103149
7861 9482 11 411956
7862 9483 11 34961
7864 9483 11 3931948
7865 9483 11 674664
7867 9484 11 24529
7868 9484 11 2740954
7869 9484 11 81315
7870 9484 11 29970
7871 9484 11 261067
7872 9484 11 15507
7873 9484 11 106493
7874 9484 11 39547
7875 9484 11 171474
7876 9484 11 260665
7877 9484 11 51393
7878 9484 11 160415
7879 9484 11 1530320
7880 9484 11 362
7881 9484 11 39462
7882 9484 11 824207
7883 9484 11 91401
7884 9484 11 362048
7885 9484 11 286444
7886 9484 11 13923
7887 9484 11 185153
7889 9485 11 78119
7890 9485 11 9927
7891 9485 11 54099
7892 9485 11 2026642
7893 9485 11 16817516
7894 9486 11 330458
7895 9487 11 1545031
7896 9487 11 3572505
7897 9488 11 43725
7898 9488 11 2181439
7899 9488 11 3966
7900 9490 11 52656
7901 9490 11 73922
7902 9490 11 17217
7903 9490 11 4055457
7904 9491 11 4755288
7905 9492 11 4516772
7906 9493 11 116058
7907 9493 11 5399496
7908 9494 11 31417
7909 9495 11 20963
7910 9495 11 11177
7911 9495 11 1169415
7912 9495 11 3375064
7913 9496 11 2638991
7914 9496 11 460580
7915 9496 11 14904900
7916 9497 11 28049
7917 9497 11 1316087
7918 9497 11 16172307
7919 9498 11 1494191
7920 9498 11 251754
7921 9499 11 192065
7922 9499 11 898103
7923 9499 11 42342261
7924 9500 11 95825
7925 9500 11 6944172
7926 9501 11 3916046
7927 9502 11 7827
7929 9502 11 4879094
7930 9503 11 668019
7931 9504 11 1408340
7932 9505 11 3081123
7933 9506 11 2895103
7934 9507 11 1319285
7935 9507 11 259808
7936 9508 11 48435
7937 9508 11 1143187
7938 9509 11 859467
7939 9509 11 34710437
7940 9510 11 98086
7941 9510 11 1696589
7942 9510 11 19673910
7943 9511 11 110488
7944 9511 11 1332005
7945 9511 11 1644308
7946 9512 11 7597
7947 9512 11 2210591
7948 9512 11 236535314
7949 9513 11 94982
7950 9513 11 2633
7952 9513 11 2066733
7953 9514 11 876967
7954 9514 11 165976951
7955 9515 11 26236
7956 9515 11 3679
7957 9515 11 4427355
7958 9516 11 5261465
7959 9517 11 1828349
7960 9517 11 5240044
7961 9517 11 1507278
7962 9517 11 14651544
7963 9517 11 8664377
7964 9517 11 3884950
7965 9518 11 8809
7966 9518 11 952773
7969 9518 11 228040
7970 9518 11 7021556
7971 9518 11 5161707
7972 9518 11 7418100
7973 9518 11 9613475
7974 9518 11 1049728
7975 9518 11 1272427
7976 9518 11 14794259
7977 9518 11 8540934
7978 9518 11 7710947
7979 9518 11 6201321
7980 9519 11 16065
7981 9519 11 156063
7982 9519 11 191738
7983 9519 11 100982
7984 9519 11 411498
7985 9519 11 12379
7986 9519 11 68025
7987 9519 11 41649
7988 9519 11 144877
7989 9519 11 5325806
7990 9519 11 1118454
7991 9519 11 2344395
7992 9519 11 700661
7993 9519 11 3775316
7994 9519 11 7350340
7995 9519 11 1642105
7996 9520 11 31347
7997 9520 11 1407766
7998 9520 11 4130682
7999 9521 11 65053
8000 9521 11 259159
8001 9521 11 104493
8002 9521 11 1455220
8003 9521 11 34348666
8004 9522 11 47806
8005 9522 11 1036042
8006 9523 11 999052
8007 9523 11 231811690
8008 9524 11 451428
8009 9524 11 332003
8010 9525 11 74095
8011 9525 11 79553
8012 9525 11 436215
8013 9525 11 189067
8014 9525 11 6910308
8015 9525 11 2042795
8016 9525 11 2205729
8017 9525 11 12112409
8018 9525 11 15108283
8019 9525 11 18247948
8020 9525 11 10842301
8021 9525 11 9503022
8022 9525 11 12023270
8023 9525 11 13337411
8024 9525 11 4744996
8025 9525 11 4648565
8026 9525 11 2787
8027 9525 11 39156
8028 9526 11 17563
8029 9526 11 9668
8030 9526 11 16306
8031 9526 11 304044
8032 9526 11 166364
8033 9526 11 91298
8034 9526 11 253105
8035 9526 11 729790
8036 9526 11 219260
8037 9526 11 444376
8038 9526 11 359319
8039 9526 11 219411
8040 9526 11 101615
8041 9526 11 115756
8042 9526 11 62786
8043 9526 11 38778
8044 9526 11 245894
8045 9526 11 91692
8046 9526 11 86175
8047 9526 11 192294
8048 9526 11 54162
8049 9526 11 187723
8050 9526 11 489219
8051 9526 11 1241193
8052 9526 11 285986
8053 9526 11 593055
8054 9527 11 85389
8055 9527 11 347133
8056 9527 11 744912
8057 9527 11 785063
8058 9528 11 136193
8059 9528 11 842970
8060 9529 11 917899
8061 9529 11 184542
8062 9529 11 1243384
8063 9529 11 804570
8064 9529 11 395451
8065 9529 11 152765
8066 9529 11 97372
8067 9529 11 67012
8070 9530 11 69231
8071 9530 11 29509
8072 9530 11 49551
8073 9530 11 120579
8074 9530 11 219991
8075 9530 11 32671
8076 9530 11 107812
8077 9530 11 88868
8078 9530 11 116776
8079 9530 11 193437
8080 9530 11 2368120
8081 9530 11 21188707
8082 9530 11 3285099
8083 9530 11 10561867
8084 9530 11 1749081
8085 9530 11 11564311
8086 9530 11 888936
8087 9530 11 908259
8090 9530 11 494492
8091 9530 11 13352
8092 9530 11 323549
8093 9530 11 153502
8094 9530 11 284062
8095 9530 11 3665
8096 9531 11 95869
8097 9531 11 114025
8098 9531 11 240890
8099 9531 11 1080568
8100 9531 11 3069106
8101 9531 11 317715
8102 9531 11 26645
8103 9533 11 419146
8104 9533 11 321842
8105 9533 11 163607
8106 9533 11 411003
8107 9533 11 102710
8108 9533 11 267248
8109 9533 11 95943
8110 9533 11 251934
8111 9533 11 3254
8112 9533 11 7424
8113 9533 11 96670
8114 9533 11 97872
8115 9533 11 9198
8116 9533 11 15576
8117 9533 11 74659
8118 9533 11 78564
8119 9533 11 15744
8120 9533 11 244837
8121 9533 11 29225
8122 9533 11 19177
8123 9533 11 183612
8124 9533 11 9440
8125 9533 11 152627
8126 9533 11 16747
8129 9533 11 38084
8130 9533 11 11070
8131 9533 11 123794
8132 9533 11 34682
8133 9533 11 98608
8134 9533 11 122776
8135 9533 11 18157
8136 9533 11 120138
8137 9535 11 28839
8138 9535 11 247846
8139 9535 11 65910
8140 9535 11 451297
8141 9535 11 22786
8142 9535 11 64485
8143 9535 11 16880
8144 9535 11 181616
8145 9535 11 135753
8146 9535 11 11414
8147 9535 11 231859
8148 9535 11 84922
8150 9535 11 19465
8151 9535 11 142543
8152 9535 11 183011
8153 9535 11 2184
8154 9535 11 96240
8155 9535 11 41526
8156 9535 11 68012
8157 9535 11 204921
8159 9536 11 7893
8160 9536 11 30570
8161 9536 11 118923
8162 9536 11 248704
8163 9536 11 85283
8164 9536 11 272722
8165 9536 11 8566
8166 9536 11 255881
8167 9536 11 90613
8171 9537 11 4277118
8172 9537 11 3492621
8178 9537 11 2507599
8179 9537 11 985851
8180 9537 11 5006238
8181 9537 11 1057769
8183 9537 11 47355191
8184 9537 11 77576778
8185 9538 11 2419337
8186 9539 11 812514
8187 9539 11 304638
8188 9539 11 417776777
8189 9540 11 2752814
8190 9541 11 3349120
8191 9542 11 1071578
8192 9543 11 1664415
8193 9543 11 328229001
8194 9544 11 2433778
8195 9545 11 1680958
8196 9546 11 61713
8197 9547 11 1289176
8198 9548 11 1167676
8199 9548 11 308035453
8200 9548 11 87692632
8201 9549 11 10904
8202 9549 11 1615140
8203 9549 11 83201069
8204 9549 11 690993
8206 9550 11 1776052
8207 9551 11 907105
8208 9555 11 1412861
8209 9556 11 2424502
8210 9557 11 896618
8211 9557 11 2732518
8212 9558 11 32896
8213 9558 11 1015271
8214 9559 11 931569
8215 9559 11 203049399
8216 9560 11 282130
8217 9560 11 24405472
8218 9561 11 242566
8219 9562 11 93514
8220 9562 11 229864
8221 9562 11 11080
8222 9562 11 1614710
8223 9562 11 173013988
8224 9563 11 201475
8225 9563 11 1107739
8226 9564 11 1167688
8227 9564 11 169862081
8228 9565 11 1801622
8229 9565 11 294397694
8230 9566 11 7398
8231 9566 11 11670
8232 9566 11 3803227
8233 9566 11 204465025
8234 9567 11 40200
8235 9567 11 2706094
8236 9567 11 252914504
8237 9568 11 5062
8238 9568 11 2400656
8239 9568 11 472050586
8240 9569 11 46711
8241 9569 11 2042764
8242 9569 11 156622615
8243 9570 11 58668
8244 9570 11 3523214
8245 9570 11 338883504
8246 9571 11 8471539
8247 9571 11 19856
8248 9571 11 119624
8249 9571 11 7475793
8250 9572 11 628705
8251 9573 11 83544
8252 9573 11 1965186
8253 9573 11 445592059
8254 9574 11 1027104
8255 9574 11 404498904
8256 9575 11 919
8257 9575 11 6580
8258 9575 11 4099239
8259 9575 11 139479635
8260 9576 11 20353
8261 9576 11 852538
8262 9576 11 897251
8263 9576 11 1734815
8264 9577 11 223822
8265 9577 11 5441
8266 9577 11 568235
8267 9577 11 456741
8268 9578 11 1306519
8269 9579 11 952954
8270 9579 11 107510777
8271 9580 11 2812963
8272 9581 11 839417
8273 9581 11 922729
8274 9582 11 18986
8275 9582 11 773196
8276 9582 11 1071759
8277 9583 11 3679
8278 9583 11 6129
8279 9583 11 648744
8280 9583 11 2448649
8281 9584 11 101740
8282 9585 11 5793
8283 9585 11 2395
8284 9585 11 1106675
8285 9585 11 412317779
8286 9586 11 19549
8287 9586 11 640215
8288 9587 11 205241
8289 9588 11 883
8291 9588 11 77368
8292 9589 11 591832
8293 9589 11 3093304
8294 9590 11 936132
8295 9591 11 279090
8296 9592 11 46617
8297 9593 11 657661
8298 9593 11 349137768
8299 9594 11 439696
8300 9594 11 2812
8301 9594 11 1074290
8302 9594 11 395217803
8303 9595 11 19139
8304 9595 11 364643
8305 9596 11 40392
8306 9597 11 36987
8307 9598 11 90326
8308 9599 11 104578
8309 9600 11 193094
8311 9602 11 893579
8312 9602 11 106196277
8313 9603 11 28479
8314 9603 11 6663
8315 9603 11 422756583
8316 9604 11 222404666
8317 9605 11 753389
8318 9605 11 536593
8319 9605 11 358567
8320 9605 11 447761571
8321 9606 11 1909
8322 9606 11 6802
8323 9606 11 449908704
8324 9607 11 45960
8325 9607 11 2065821
8326 9608 11 222041161
8327 9608 11 1590167
8328 9609 11 47703
8329 9609 11 298285666
8330 9610 11 95395
8331 9610 11 435189063
8332 9611 11 27619
8333 9611 11 398513766
8334 9611 11 485351
8335 9612 11 1373762
8336 9612 11 9652119
8337 9613 11 200261
8338 9613 11 777813
8339 9614 11 962553
8340 9614 11 420539093
8341 9615 11 1878
8342 9615 11 6076
8343 9615 11 2780978
8344 9616 11 41047
8345 9617 11 13716
8346 9618 11 11220
8347 9618 11 6333
8348 9618 11 31629
8349 9618 11 6595
8350 9618 11 2826935
8351 9618 11 268135497
8352 9619 11 3044
8353 9619 11 3813
8354 9619 11 602712
8355 9620 16 193474
8356 9621 16 3787806
8357 9622 16 2936211
8358 9623 16 2588
8359 9623 16 3362143
8360 9624 16 920911
8361 9624 16 66086
8362 9625 16 141995
8363 9626 11 428731
8364 9626 11 3662563
8365 9627 16 14457
8366 9627 16 1599394
8367 9628 16 302639
8368 9629 16 386937
8369 9629 16 2277997
8370 9629 16 6519
8371 9629 16 88738
8372 9630 16 233944
8373 9631 16 1992836
8374 9631 16 6670
8375 9632 16 997675
8376 9632 16 113138
8377 9633 16 8032
8378 9633 16 2242750
8379 9633 16 1094308
8380 9634 16 7546
8381 9634 16 6538
8382 9634 16 1193459
8383 9634 16 1107391
8384 9635 16 59527
8385 9635 16 796823
8386 9635 16 2343031
8387 9636 16 10081
8388 9636 16 1143346
8389 9636 11 520836
8390 9637 11 4697
8391 9637 11 268141
8392 9637 11 797801
8393 9638 11 686202
8394 9639 11 1039341
8395 9639 11 17517613
8396 9640 11 3120
8397 9640 11 2605
8398 9640 11 684877
8399 9641 11 540076
8400 9641 11 741870
8401 9642 11 22843
8402 9642 11 2022251
8403 9643 11 760957
8404 9643 11 1061452
8405 9644 11 9493
8406 9644 11 769267
8407 9644 11 6527574
8408 9645 11 25856
8409 9645 11 2419164
8410 9646 11 482547
8411 9647 11 66217
8412 9647 11 877052
8413 9648 11 466539
8414 9649 11 291928
8415 9649 11 95973
8416 9651 11 205430
8417 9651 11 9680650
8418 9652 11 3349
8419 9652 11 7230
8420 9652 11 1428879
8421 9653 11 640189
8422 9653 11 292534441
8423 9654 11 6712
8424 9654 11 5959
8425 9654 11 1384499
8426 9654 11 224467791
8427 9655 11 3503
8428 9655 11 6307004
8429 9656 11 260134
8430 9657 11 39486
8431 9657 11 1118091
8432 9657 11 845771
8433 9658 11 54640
8434 9658 11 809972
8435 9658 11 460393
8436 9659 11 6735
8437 9659 11 6639
8438 9659 11 960206
8439 9659 11 131921767
8440 9660 11 8640
8441 9660 11 4969
8442 9660 11 1419022
8443 9661 11 65696
8444 9661 11 6623
8445 9661 11 1000197
8446 9661 11 22844311
8447 9662 11 103617
8448 9662 11 7283
8449 9662 11 876959
8450 9662 11 436410450
8451 9663 11 18091
8452 9663 11 832897
8453 9663 11 260291060
8455 9663 11 31403928
8456 9664 11 983317
8457 9664 11 157488891
8458 9664 11 133415958
8459 9664 11 98662868
8461 9664 11 38439464
8462 9665 11 256118
8463 9666 11 78374
8464 9666 11 7599
8465 9666 11 1009623
8466 9666 11 187342006
8467 9666 11 85400418
8468 9666 11 18622582
8469 9666 11 3267971
8470 9666 11 6413057
8471 9666 11 1229586
8472 9666 11 815862
8473 9666 11 5248671
8474 9666 11 3656876
8475 9666 11 5785110
8476 9666 11 1325695
8477 9666 11 319859
8478 9666 11 1980672
8479 9666 11 6326531
8480 9666 11 478709
8481 9666 11 440082
8482 9666 11 937781
8483 9666 11 154775
8484 9666 11 7559107
8485 9666 11 1234966
8486 9666 11 2796418
8487 9666 11 101382
8488 9666 11 125242
8489 9666 11 5795465
8490 9666 11 992822
8491 9666 11 5249483
8494 9666 11 203498
8495 9667 11 5287
8497 9667 11 1353
8498 9667 11 107235
8499 9667 11 522908
8500 9667 11 9527474
8501 9667 11 2198634
8502 9667 11 7296352
8503 9667 11 357502
8504 9667 11 8247108
8505 9667 11 3000001
8506 9667 11 19367055
8507 9667 11 508658
8508 9667 11 813907
8509 9667 11 281217
8510 9667 11 5204625
8511 9667 11 12385453
8512 9667 11 42339872
