7080 1 1.00 1e12
7080 1 1.25 1e12
7080 1 1.50 1e12
7080 1 1.75 1e12
7080 1 2.00 1e12
7080 1 2.25 1e12
7080 1 2.50 1e12
7080 1 2.75 1e12
7080 1 3.00 1e12
7080 1 3.25 1e12
7080 1 3.50 1e12
7080 1 3.75 1e12
7080 1 4.00 1e12
7080 1 4.25 1e12
7080 1 4.50 1e12
7080 1 4.75 1e12
7080 1 5.00 1e12
7080 1 5.25 1e12
7080 1 5.50 1e12
7080 1 5.75 1e12
7080 1 6.00 1e12
7080 1 6.25 1e12
7080 1 6.50 1e12
7080 1 6.75 1e12
7080 1 7.00 1e12
7080 1 7.25 1e12
7080 1 7.50 1e12
7080 1 7.75 1e12
7080 1 8.00 1e12
7080 1 8.25 1e12
7080 1 8.50 1e12
7080 1 8.75 1e12
7080 1 9.00 1e12
7080 1 9.25 1e12
7080 1 9.50 1e12
7080 1 9.75 1e12
7080 1 10.00 1e12
7080 1 10.25 1e12
7080 1 10.50 1e12
7080 1 10.75 1e12
7080 1 11.00 1e12
7080 1 11.25 1e12
7080 1 11.50 1e12
7080 1 11.75 1e12
7080 1 12.00 1e12
7080 1 12.25 1e12
7080 1 12.50 1e12
7080 1 12.75 1e12
7080 1 13.00 1e12
7080 1 13.25 1e12
7080 1 13.50 1e12
7080 1 13.75 1e12
7080 1 14.00 1e12
7080 1 14.25 1e12
7080 1 14.50 1e12
7080 1 14.75 1e12
7080 1 15.00 1e12
7080 1 15.25 1e12
7080 1 15.50 1e12
7080 1 15.75 1e12
7080 1 16.00 1e12
10241 1 1.00 1e12
10241 1 1.25 1e12
10241 1 1.50 1e12
10241 1 1.75 1e12
10241 1 2.00 1e12
10241 1 2.25 1e12
10241 1 2.50 1e12
10241 1 2.75 1e12
10241 1 3.00 1e12
10241 1 3.25 1e12
10241 1 3.50 1e12
10241 1 3.75 1e12
10241 1 4.00 1e12
10241 1 4.25 1e12
10241 1 4.50 1e12
10241 1 4.75 1e12
10241 1 5.00 1e12
10241 1 5.25 1e12
10241 1 5.50 1e12
10241 1 5.75 1e12
10241 1 6.00 1e12
10241 1 6.25 1e12
10241 1 6.50 1e12
10241 1 6.75 1e12
10241 1 7.00 1e12
10241 1 7.25 1e12
10241 1 7.50 1e12
10241 1 7.75 1e12
10241 1 8.00 1e12
10241 1 8.25 1e12
10241 1 8.50 1e12
10241 1 8.75 1e12
10241 1 9.00 1e12
10241 1 9.25 1e12
10241 1 9.50 1e12
10241 1 9.75 1e12
10241 1 10.00 1e12
10241 1 10.25 1e12
10241 1 10.50 1e12
10241 1 10.75 1e12
10241 1 11.00 1e12
10241 1 11.25 1e12
10241 1 11.50 1e12
10241 1 11.75 1e12
10241 1 12.00 1e12
10241 1 12.25 1e12
10241 1 12.50 1e12
10241 1 12.75 1e12
10241 1 13.00 1e12
10241 1 13.25 1e12
10241 1 13.50 1e12
10241 1 13.75 1e12
10241 1 14.00 1e12
10241 1 14.25 1e12
10241 1 14.50 1e12
10241 1 14.75 1e12
10241 1 15.00 1e12
10241 1 15.25 1e12
10241 1 15.50 1e12
10241 1 15.75 1e12
10241 1 16.00 1e12
7080 1 1.00 80
7080 1 1.25 80
7080 1 1.50 80
7080 1 1.75 80
7080 1 2.00 80
7080 1 2.25 80
7080 1 2.50 80
7080 1 2.75 80
7080 1 3.00 80
7080 1 3.25 80
7080 1 3.50 80
7080 1 3.75 80
7080 1 4.00 80
7080 1 4.25 80
7080 1 4.50 80
7080 1 4.75 80
7080 1 5.00 80
7080 1 5.25 80
7080 1 5.50 80
7080 1 5.75 80
7080 1 6.00 80
7080 1 6.25 80
7080 1 6.50 80
7080 1 6.75 80
7080 1 7.00 80
7080 1 7.25 80
7080 1 7.50 80
7080 1 7.75 80
7080 1 8.00 80
7080 1 8.25 80
7080 1 8.50 80
7080 1 8.75 80
7080 1 9.00 80
7080 1 9.25 80
7080 1 9.50 80
7080 1 9.75 80
7080 1 10.00 80
7080 1 10.25 80
7080 1 10.50 80
7080 1 10.75 80
7080 1 11.00 80
7080 1 11.25 80
7080 1 11.50 80
7080 1 11.75 80
7080 1 12.00 80
7080 1 12.25 80
7080 1 12.50 80
7080 1 12.75 80
7080 1 13.00 80
7080 1 13.25 80
7080 1 13.50 80
7080 1 13.75 80
7080 1 14.00 80
7080 1 14.25 80
7080 1 14.50 80
7080 1 14.75 80
7080 1 15.00 80
7080 1 15.25 80
7080 1 15.50 80
7080 1 15.75 80
7080 1 16.00 80
10241 1 1.00 80
10241 1 1.25 80
10241 1 1.50 80
10241 1 1.75 80
10241 1 2.00 80
10241 1 2.25 80
10241 1 2.50 80
10241 1 2.75 80
10241 1 3.00 80
10241 1 3.25 80
10241 1 3.50 80
10241 1 3.75 80
10241 1 4.00 80
10241 1 4.25 80
10241 1 4.50 80
10241 1 4.75 80
10241 1 5.00 80
10241 1 5.25 80
10241 1 5.50 80
10241 1 5.75 80
10241 1 6.00 80
10241 1 6.25 80
10241 1 6.50 80
10241 1 6.75 80
10241 1 7.00 80
10241 1 7.25 80
10241 1 7.50 80
10241 1 7.75 80
10241 1 8.00 80
10241 1 8.25 80
10241 1 8.50 80
10241 1 8.75 80
10241 1 9.00 80
10241 1 9.25 80
10241 1 9.50 80
10241 1 9.75 80
10241 1 10.00 80
10241 1 10.25 80
10241 1 10.50 80
10241 1 10.75 80
10241 1 11.00 80
10241 1 11.25 80
10241 1 11.50 80
10241 1 11.75 80
10241 1 12.00 80
10241 1 12.25 80
10241 1 12.50 80
10241 1 12.75 80
10241 1 13.00 80
10241 1 13.25 80
10241 1 13.50 80
10241 1 13.75 80
10241 1 14.00 80
10241 1 14.25 80
10241 1 14.50 80
10241 1 14.75 80
10241 1 15.00 80
10241 1 15.25 80
10241 1 15.50 80
10241 1 15.75 80
10241 1 16.00 80
